CASAL (C++ algorithmic stock assessment laboratory)
Call: C:\PROGRA~2\CASAL\casal.exe -e -q -O Parameters-PointEstimates.txt 
Date: Tue Jul 30 15:07:01 2019
v2.30-2016-05-01 23:58:51 UTC (rev.5470)  (c) Copyright 2002-2012, NIWA
User name: kienzlemj
Machine name: NIWA-1017300 (Microsoft Windows, PID=499812)

Random number seed : 56021

A fish of size 50 cm has a weight of 0.793603 kg in your model. This size-weight scale check assumes that the growth curve is in centimetres, and that the catch is in tonnes.

A fish of size 50 cm has a weight of 0.793603 kg in your model. This size-weight scale check assumes that the growth curve is in centimetres, and that the catch is in tonnes.

Estimation section :

Objective function: Bayes

Observations:

The observations are:
wcsiTANbio
wcsiTANage
wcsiTRLageFrom2005
wcsiTRLagePre2005
Fits follow:

wcsiTANbio :
relative abundances in time step 2 using selectivity wcsiTANsel:
year obs     
2012    1096
2013     740
2016     316
2018     549
objective function: lognormal likelihood, with cv = 
0.164806 
0.237118 
0.202425 
0.204167 

wcsiTANage :
proportions-at-age in time step 2 using selectivity wcsiTANsel with ageing error (constrained to sum to 1):
obs (last class is a plus group):
class       3       4       5       6       7       8       9      10      11      12      13      14      15      16      17      18      19 
2012  0.0318  0.0355   0.093  0.1807  0.1777  0.1476  0.0914  0.0662  0.0293  0.0272  0.0243  0.0237    0.02  0.0206   0.015  0.0049  0.0112 
2013  0.0208  0.0252  0.1093  0.2053  0.2342  0.1795  0.0764  0.0642  0.0171  0.0119  0.0068   0.015  0.0113  0.0117  0.0061  0.0025  0.0024 
2016 0.0704383 0.116423 0.125521 0.205388 0.114164 0.126267 0.0554968 0.0572376 0.0560356 0.0476842       0 0.015874 0.00947052       0       0       0       0 
2018  0.0273  0.0225  0.0684  0.2021  0.1742  0.1891  0.0869   0.051  0.0417  0.0228  0.0093  0.0439  0.0062   0.021  0.0212       0  0.0125 
objective function: multinomial likelihood, with delta = 1e-011, N =
47 47 47 47 47 47 47 47 47 47 47 47 47 47 47 47 47 
48 48 48 48 48 48 48 48 48 48 48 48 48 48 48 48 48 
14 14 14 14 14 14 14 14 14 14 14 14 14 14 14 14 14 
16 16 16 16 16 16 16 16 16 16 16 16 16 16 16 16 16 

wcsiTRLageFrom2005 :
catch proportions-at-age for fishery wcsiTRLFrom2005  with ageing error (constrained to sum to 1):
obs (last class is a plus group):
class       3       4       5       6       7       8       9      10      11      12      13      14      15      16      17      18      19 
2005  0.0233  0.0834  0.2941  0.2587  0.1253   0.086   0.053  0.0321  0.0149   0.005  0.0078  0.0053  0.0017  0.0036  0.0042  0.0001  0.0015 
2006  0.0248  0.0161  0.1607  0.1907  0.2175  0.0836  0.0829  0.0884  0.0239  0.0361  0.0195  0.0232  0.0207  0.0011   0.005  0.0038  0.0017 
2007  0.0691  0.0423   0.174  0.1806   0.163  0.1198  0.1055  0.0443  0.0379  0.0158  0.0166   0.016  0.0025  0.0036  0.0027  0.0013  0.0048 
2008  0.0641  0.0527  0.1034  0.1543  0.1225  0.1083  0.0891  0.0707  0.0651  0.0471  0.0419   0.047  0.0098    0.01  0.0099  0.0001  0.0041 
2009  0.0523  0.0579  0.1221   0.145   0.134   0.112  0.0706  0.0585  0.0499  0.0415  0.0513    0.04  0.0247  0.0199   0.011  0.0047  0.0045 
2010  0.0388  0.1291  0.1907  0.2782  0.1222   0.018  0.0276  0.0606  0.0268  0.0296  0.0217  0.0277  0.0122  0.0022  0.0032  0.0022  0.0093 
2011  0.0114   0.079  0.1169  0.1899   0.218  0.1059  0.0768  0.0412  0.0369  0.0331  0.0199  0.0138  0.0206   0.014  0.0083  0.0011   0.013 
2012   0.001  0.0116  0.1287   0.213  0.1875  0.1276  0.0819  0.0571  0.0297   0.028  0.0243  0.0296  0.0212  0.0205  0.0181  0.0089  0.0112 
2013  0.0037  0.0237  0.1667  0.2559  0.2079  0.1586  0.0649   0.034  0.0146  0.0102  0.0066   0.022  0.0149  0.0092  0.0014  0.0051  0.0007 
2014  0.0054   0.031  0.1182  0.2414  0.2447  0.1797  0.0723  0.0343  0.0224  0.0167  0.0043  0.0059  0.0057  0.0098  0.0018  0.0012   0.005 
2015  0.0032  0.0189  0.1871  0.2049  0.1979   0.166  0.0777  0.0291  0.0361  0.0125  0.0099  0.0073  0.0036  0.0107  0.0074  0.0056   0.022 
2016  0.0078   0.066  0.1909   0.251  0.1936  0.1417  0.0424  0.0396  0.0222  0.0177  0.0089  0.0056  0.0011  0.0054       0  0.0042  0.0021 
2017  0.0041  0.0101  0.1367  0.2806  0.2415  0.1167  0.0708  0.0302  0.0362  0.0195  0.0165  0.0095  0.0037  0.0048  0.0092  0.0073  0.0027 
2018  0.0174  0.0367  0.1359  0.2504  0.1738   0.155  0.0785  0.0445  0.0288  0.0212  0.0143  0.0151  0.0075  0.0056  0.0066   0.005  0.0037 
objective function: multinomial likelihood, with delta = 1e-011, N =
14 14 14 14 14 14 14 14 14 14 14 14 14 14 14 14 14 
24 24 24 24 24 24 24 24 24 24 24 24 24 24 24 24 24 
26 26 26 26 26 26 26 26 26 26 26 26 26 26 26 26 26 
26 26 26 26 26 26 26 26 26 26 26 26 26 26 26 26 26 
20 20 20 20 20 20 20 20 20 20 20 20 20 20 20 20 20 
11 11 11 11 11 11 11 11 11 11 11 11 11 11 11 11 11 
25 25 25 25 25 25 25 25 25 25 25 25 25 25 25 25 25 
38 38 38 38 38 38 38 38 38 38 38 38 38 38 38 38 38 
38 38 38 38 38 38 38 38 38 38 38 38 38 38 38 38 38 
40 40 40 40 40 40 40 40 40 40 40 40 40 40 40 40 40 
40 40 40 40 40 40 40 40 40 40 40 40 40 40 40 40 40 
37 37 37 37 37 37 37 37 37 37 37 37 37 37 37 37 37 
38 38 38 38 38 38 38 38 38 38 38 38 38 38 38 38 38 
36 36 36 36 36 36 36 36 36 36 36 36 36 36 36 36 36 

wcsiTRLagePre2005 :
catch proportions-at-age for fishery wcsiTRLPre2005  with ageing error (constrained to sum to 1):
obs (last class is a plus group):
class       3       4       5       6       7       8       9      10      11      12      13      14      15      16      17      18      19 
1979  0.0007  0.0031  0.0273  0.0555   0.044  0.0908    0.12  0.0867  0.0609   0.083  0.0725  0.0865  0.0926  0.0622  0.0262  0.0242  0.0638 
1990  0.0002  0.0046  0.0264  0.0739  0.1585   0.146  0.1521  0.0919  0.0751  0.0714  0.0536  0.0423  0.0328  0.0322  0.0187  0.0136  0.0069 
1991  0.0004  0.0034  0.0268  0.0641  0.1202  0.1468  0.1734  0.1329  0.0791  0.0813  0.0523  0.0343  0.0298   0.023  0.0117  0.0082  0.0124 
1992  0.0101  0.0185  0.0142  0.0734  0.1319  0.1908  0.1465  0.1113  0.1202  0.0315  0.0516  0.0374  0.0101  0.0279  0.0041   0.006  0.0146 
1993   0.031  0.0177   0.037  0.0544  0.0663  0.0803  0.1184  0.1385  0.1365  0.1058   0.041  0.0294  0.0447  0.0356  0.0154  0.0203  0.0275 
1994   0.028  0.0166  0.0259  0.0565  0.1197  0.1424  0.0918  0.1166  0.0939  0.0835  0.0636  0.0267  0.0285  0.0185  0.0198  0.0241  0.0441 
1995  0.0512  0.0453  0.0855  0.1076  0.1768  0.1451  0.1186  0.0511  0.0413  0.0491   0.024  0.0276  0.0176  0.0148  0.0142  0.0055  0.0246 
1996  0.0095  0.0098  0.0436  0.0897  0.1522  0.1388  0.1257  0.1036  0.0583  0.0532  0.0538  0.0335  0.0132  0.0206  0.0258  0.0167   0.052 
1997  0.0121  0.0385  0.0774  0.1517  0.1973  0.1613  0.1144  0.0737  0.0301  0.0396  0.0259  0.0302  0.0172  0.0067  0.0106  0.0008  0.0125 
1998  0.0127  0.0182  0.0629  0.1575  0.1483  0.1688  0.1171  0.1068  0.0544  0.0355  0.0275  0.0238  0.0145  0.0084  0.0133  0.0085   0.022 
1999  0.0058   0.025   0.045  0.0839  0.1684  0.1988  0.1468  0.1486  0.0706  0.0477  0.0301   0.009  0.0061  0.0032  0.0031  0.0042  0.0037 
2000  0.0049  0.0052  0.0101   0.027  0.0971  0.1889  0.1846  0.1799  0.1154  0.0627  0.0461   0.014  0.0267  0.0077  0.0061  0.0046   0.019 
2001  0.0021  0.0129  0.0075  0.0571  0.1675   0.237  0.1461  0.1276  0.1249  0.0265  0.0394  0.0224   0.006   0.006  0.0094  0.0003  0.0074 
2002  0.0077  0.0159  0.1004  0.2159  0.1752  0.1645  0.1306  0.0439  0.0297  0.0381  0.0254  0.0044  0.0027  0.0406  0.0007  0.0006  0.0037 
2003   0.002  0.0127  0.0694  0.2324  0.2537  0.2059  0.0743  0.0657   0.038  0.0159   0.015   0.002  0.0001   0.002  0.0016  0.0006  0.0085 
2004  0.0181  0.0021  0.0131  0.0944  0.1831  0.2265  0.1656  0.1285  0.0775  0.0458  0.0172  0.0078   0.008   0.004  0.0006  0.0013  0.0063 
objective function: multinomial likelihood, with delta = 1e-011, N =
22 22 22 22 22 22 22 22 22 22 22 22 22 22 22 22 22 
20 20 20 20 20 20 20 20 20 20 20 20 20 20 20 20 20 
32 32 32 32 32 32 32 32 32 32 32 32 32 32 32 32 32 
20 20 20 20 20 20 20 20 20 20 20 20 20 20 20 20 20 
15 15 15 15 15 15 15 15 15 15 15 15 15 15 15 15 15 
13 13 13 13 13 13 13 13 13 13 13 13 13 13 13 13 13 
17 17 17 17 17 17 17 17 17 17 17 17 17 17 17 17 17 
25 25 25 25 25 25 25 25 25 25 25 25 25 25 25 25 25 
22 22 22 22 22 22 22 22 22 22 22 22 22 22 22 22 22 
24 24 24 24 24 24 24 24 24 24 24 24 24 24 24 24 24 
44 44 44 44 44 44 44 44 44 44 44 44 44 44 44 44 44 
30 30 30 30 30 30 30 30 30 30 30 30 30 30 30 30 30 
22 22 22 22 22 22 22 22 22 22 22 22 22 22 22 22 22 
24 24 24 24 24 24 24 24 24 24 24 24 24 24 24 24 24 
30 30 30 30 30 30 30 30 30 30 30 30 30 30 30 30 30 
28 28 28 28 28 28 28 28 28 28 28 28 28 28 28 28 28 


Ageing_error:
  Misclassification matrix:
1 0 0 0 0 0 0 0 0 0 0 0 0 0 0 0 0 0 0 0 0 0 0 0 0 0 0 0 0 0 
0.00110432 0.997791 0.00110432 0 0 0 0 0 0 0 0 0 0 0 0 0 0 0 0 0 0 0 0 0 0 0 0 0 0 0 
0 0.0184686 0.963063 0.0184686 0 0 0 0 0 0 0 0 0 0 0 0 0 0 0 0 0 0 0 0 0 0 0 0 0 0 
0 1.33291e-005 0.0589419 0.88209 0.0589419 1.33291e-005 0 0 0 0 0 0 0 0 0 0 0 0 0 0 0 0 0 0 0 0 0 0 0 0 
0 0 0.000182198 0.105622 0.788391 0.105622 0.000182198 0 0 0 0 0 0 0 0 0 0 0 0 0 0 0 0 0 0 0 0 0 0 0 
0 0 0 0.00110432 0.14791 0.701971 0.14791 0.00110432 0 0 0 0 0 0 0 0 0 0 0 0 0 0 0 0 0 0 0 0 0 0 
0 0 0 2.44261e-005 0.00387259 0.182223 0.627761 0.182223 0.00387259 2.44261e-005 0 0 0 0 0 0 0 0 0 0 0 0 0 0 0 0 0 0 0 0 
0 0 0 0 0.000116517 0.00946372 0.207778 0.565283 0.207778 0.00946372 0.000116517 0 0 0 0 0 0 0 0 0 0 0 0 0 0 0 0 0 0 0 
0 0 0 0 8.39436e-006 0.000397293 0.0180629 0.225155 0.512753 0.225155 0.0180629 0.000397293 8.39436e-006 0 0 0 0 0 0 0 0 0 0 0 0 0 0 0 0 0 
0 0 0 0 0 3.12269e-005 0.00107309 0.0290638 0.23566 0.468343 0.23566 0.0290638 0.00107309 3.12269e-005 0 0 0 0 0 0 0 0 0 0 0 0 0 0 0 0 
0 0 0 0 0 0 9.51975e-005 0.0023832 0.041449 0.240823 0.430499 0.240823 0.041449 0.0023832 9.51975e-005 0 0 0 0 0 0 0 0 0 0 0 0 0 0 0 
0 0 0 0 0 0 1.33291e-005 0.000232503 0.0045345 0.0541749 0.242058 0.397974 0.242058 0.0541749 0.0045345 0.000232503 1.33291e-005 0 0 0 0 0 0 0 0 0 0 0 0 0 
0 0 0 0 0 0 0 3.56693e-005 0.000516713 0.00763296 0.066399 0.240523 0.369785 0.240523 0.066399 0.00763296 0.000516713 3.56693e-005 0 0 0 0 0 0 0 0 0 0 0 0 
0 0 0 0 0 0 0 7.36618e-006 7.74801e-005 0.00101947 0.0116561 0.0775553 0.237104 0.345161 0.237104 0.0775553 0.0116561 0.00101947 7.74801e-005 7.36618e-006 0 0 0 0 0 0 0 0 0 0 
0 0 0 0 0 0 0 0 1.76561e-005 0.000164542 0.00181897 0.0164674 0.0873361 0.232449 0.323492 0.232449 0.0873361 0.0164674 0.00181897 0.000164542 1.76561e-005 0 0 0 0 0 0 0 0 0 
0 0 0 0 0 0 0 0 0 3.87715e-005 0.000319118 0.00298092 0.0218567 0.0956335 0.227024 0.304295 0.227024 0.0956335 0.0218567 0.00298092 0.000319118 3.87715e-005 0 0 0 0 0 0 0 0 
0 0 0 0 0 0 0 0 0 1.04247e-005 6.83431e-005 0.000571623 0.00454606 0.027585 0.102474 0.221153 0.287182 0.221153 0.102474 0.027585 0.00454606 0.000571623 6.83431e-005 1.04247e-005 0 0 0 0 0 0 
0 0 0 0 0 0 0 0 0 0 2.13275e-005 0.000127981 0.000955007 0.00652332 0.0334223 0.107964 0.215066 0.27184 0.215066 0.107964 0.0334223 0.00652332 0.000955007 0.000127981 2.13275e-005 0 0 0 0 0 
0 0 0 0 0 0 0 0 0 0 6.92567e-006 3.4127e-005 0.000224984 0.00150093 0.00888965 0.0391707 0.112248 0.208917 0.258015 0.208917 0.112248 0.0391707 0.00888965 0.00150093 0.000224984 3.4127e-005 6.92567e-006 0 0 0 
0 0 0 0 0 0 0 0 0 0 0 1.33291e-005 6.14503e-005 0.000373715 0.0022358 0.0115952 0.0446758 0.115484 0.202813 0.245497 0.202813 0.115484 0.0446758 0.0115952 0.0022358 0.000373715 6.14503e-005 1.33291e-005 0 0 
0 0 0 0 0 0 0 0 0 0 0 0 2.44261e-005 0.000105139 0.000589978 0.00317747 0.0145716 0.0498277 0.117823 0.196824 0.234112 0.196824 0.117823 0.0498277 0.0145716 0.00317747 0.000589978 0.000105139 2.44261e-005 0 
0 0 0 0 0 0 0 0 0 0 0 0 9.12527e-006 3.36727e-005 0.000171714 0.000889804 0.00433324 0.0177408 0.0545572 0.119409 0.190997 0.223717 0.190997 0.119409 0.0545572 0.0177408 0.00433324 0.000889804 0.000171714 4.2798e-005 
0 0 0 0 0 0 0 0 0 0 0 0 0 1.60064e-005 5.59581e-005 0.000268799 0.00128808 0.00569933 0.0210234 0.0588282 0.120366 0.18536 0.214189 0.18536 0.120366 0.0588282 0.0210234 0.00569933 0.00128808 0.000340763 
0 0 0 0 0 0 0 0 0 0 0 0 0 6.68143e-006 2.03709e-005 8.94644e-005 0.000404808 0.00179721 0.0072617 0.0243448 0.0626301 0.120803 0.179928 0.205427 0.179928 0.120803 0.0626301 0.0243448 0.0072617 0.00231854 
0 0 0 0 0 0 0 0 0 0 0 0 0 0 1.1275e-005 3.29002e-005 0.000138023 0.00058849 0.00242606 0.00899788 0.027639 0.065971 0.120814 0.17471 0.197342 0.17471 0.120814 0.065971 0.027639 0.0121946 
0 0 0 0 0 0 0 0 0 0 0 0 0 0 0 1.8441e-005 5.14322e-005 0.000206045 0.000828398 0.0031792 0.0108793 0.030851 0.0688713 0.120477 0.169707 0.18986 0.169707 0.120477 0.0688713 0.0460139 
0 0 0 0 0 0 0 0 0 0 0 0 0 0 0 8.39436e-006 2.09008e-005 7.8003e-005 0.000298389 0.00113233 0.0040567 0.0128739 0.0339374 0.0713592 0.119858 0.164918 0.182918 0.164918 0.119858 0.123765 
0 0 0 0 0 0 0 0 0 0 0 0 0 0 0 0 1.33291e-005 3.19602e-005 0.000115011 0.000420167 0.0015068 0.00505418 0.0149481 0.0368657 0.0734671 0.119012 0.160336 0.176458 0.160336 0.251435 
0 0 0 0 0 0 0 0 0 0 0 0 0 0 0 0 6.52628e-006 1.41161e-005 4.76164e-005 0.000165183 0.000576517 0.00195667 0.00616333 0.0170691 0.0396137 0.0752289 0.117985 0.155956 0.170434 0.414783 
0 0 0 0 0 0 0 0 0 0 0 0 0 0 0 0 0 1.00903e-005 2.11366e-005 6.92336e-005 0.000231508 0.000772348 0.00248477 0.00737261 0.0192065 0.0421674 0.0766787 0.116814 0.15177 0.582402 

Free parameters:

initialization.B0
uniform-log: bounds from 5000 to 250000
current value: 70000
lower bound: 5000
upper bound: 250000

recruitment.YCS
lognormal with means 1 1 1 1 1 1 1 1 1 1 1 1 1 1 1 1 1 1 1 1 1 1 1 1 1 1 1 1 1 1 1 1 1 1 1 1 1 1 1 1 1 1 1 1 1 c.v.s 1.1 1.1 1.1 1.1 1.1 1.1 1.1 1.1 1.1 1.1 1.1 1.1 1.1 1.1 1.1 1.1 1.1 1.1 1.1 1.1 1.1 1.1 1.1 1.1 1.1 1.1 1.1 1.1 1.1 1.1 1.1 1.1 1.1 1.1 1.1 1.1 1.1 1.1 1.1 1.1 1.1 1.1 1.1 1.1 1.1 :
bounds of
1 0.01 0.01 0.01 0.01 0.01 0.01 0.01 0.01 0.01 0.01 0.01 0.01 0.01 0.01 0.01 0.01 0.01 0.01 0.01 0.01 0.01 0.01 0.01 0.01 0.01 0.01 0.01 0.01 0.01 0.01 0.01 0.01 0.01 0.01 0.01 0.01 0.01 0.01 0.01 0.01 0.01 0.01 1 1 
1 100 100 100 100 100 100 100 100 100 100 100 100 100 100 100 100 100 100 100 100 100 100 100 100 100 100 100 100 100 100 100 100 100 100 100 100 100 100 100 100 100 100 1 1 
current values: 1 1 1 1 1 1 1 1 1 1 1 1 1 1 1 1 1 1 1 1 1 1 1 1 1 1 1 1 1 1 1 1 1 1 1 1 1 1 1 1 1 1 1 1 1 
lower bounds: 1 0.01 0.01 0.01 0.01 0.01 0.01 0.01 0.01 0.01 0.01 0.01 0.01 0.01 0.01 0.01 0.01 0.01 0.01 0.01 0.01 0.01 0.01 0.01 0.01 0.01 0.01 0.01 0.01 0.01 0.01 0.01 0.01 0.01 0.01 0.01 0.01 0.01 0.01 0.01 0.01 0.01 0.01 1 1 
upper bounds: 1 100 100 100 100 100 100 100 100 100 100 100 100 100 100 100 100 100 100 100 100 100 100 100 100 100 100 100 100 100 100 100 100 100 100 100 100 100 100 100 100 100 100 1 1 

selectivity[wcsiTRLselPre2005].all (parameters)
uniform:
bounds of
1 1 
25 50 
current values: 6 3 
lower bounds: 1 1 
upper bounds: 25 50 

selectivity[wcsiTRLselFrom2005].all (parameters)
uniform:
bounds of
1 1 
25 50 
current values: 6 3 
lower bounds: 1 1 
upper bounds: 25 50 

selectivity[wcsiTANsel].all (parameters)
uniform:
bounds of
1 1 1 
25 50 200 
current values: 6 3 10 
lower bounds: 1 1 1 
upper bounds: 25 50 200 


Q's:
qs are nuisance parameters
wcsiTAN has prior lognormal with mean 0.09, c.v. 0.79 : bounds from 0.001 to 0.25

Penalties:
clp1 :
Catch limit penalty of 1000 x the sum of squares of (log(actual catch) - log(specified catch)) for fishery wcsiTRLPre2005 to disencourage breaking exploitation rate limits
clp1 :
Catch limit penalty of 1000 x the sum of squares of (log(actual catch) - log(specified catch)) for fishery wcsiTRLFrom2005 to disencourage breaking exploitation rate limits

Components of the objective function are:
  wcsiTANbio
  wcsiTANage
  wcsiTRLageFrom2005
  wcsiTRLagePre2005
  prior_on_initialization.B0
  prior_on_recruitment.YCS
  prior_on_selectivity[wcsiTRLselPre2005].all
  prior_on_selectivity[wcsiTRLselFrom2005].all
  prior_on_selectivity[wcsiTANsel].all
  prior_on_q_wcsiTAN
  clp1
  clp1

Random number seed : 56021


Minimiser achieved convergence after 57 quasi-Newton iterations using 111 objective function evaluations



Approximate Covariance matrix (Inverse Hessian of parameters at point estimate):
7.29314e+006 0 149.75 142.779 144.263 113.125 49.7197 -38.7427 -86.0649 -77.679 6.71854 68.4389 -35.1865 -54.817 -1.87325 7.79322 -68.2332 -32.9337 12.9049 -40.7603 -36.7822 -4.11551 -20.1346 -29.4356 -44.4888 -9.08163 -27.4084 -29.8007 -10.847 -6.26904 -11.4991 10.5068 -3.56778 -7.40471 -24.3581 -23.6873 19.0447 23.3221 19.3373 32.7342 17.5837 19.7477 112.058 270.993 0 0 -110.58 2.67854 -12.8236 -41.3871 -266.635 -117.024 -2649.68 
0 0 0 0 0 0 0 0 0 0 0 0 0 0 0 0 0 0 0 0 0 0 0 0 0 0 0 0 0 0 0 0 0 0 0 0 0 0 0 0 0 0 0 0 0 0 0 0 0 0 0 0 0 
149.75 0 0.0646477 -0.00684352 -0.00195584 0.000963614 0.00180199 -0.00126564 -0.00730383 -0.00829725 0.00402354 0.00773086 -0.00509443 0.00102217 -0.00042683 0.00144728 0.0014052 -0.00117423 0.00291579 0.00156293 -0.000562116 0.0017935 0.000682937 0.00218305 0.00144832 0.00664771 -0.00252513 0.00263873 0.00060682 0.00133948 -0.000119727 0.000870994 0.000305881 0.000622161 0.000722436 -0.00014916 0.00126249 0.000410503 0.0012783 0.00147183 0.000130086 -0.000534177 0.000561508 0.000356996 0 0 0.00349249 0.00332942 0.000305318 -3.9091e-005 -0.00568654 -0.00702928 -0.0973932 
142.779 0 -0.00684352 0.0791252 -0.00379737 -0.00349638 -0.00382542 -0.00494772 -0.00574679 -0.00417114 0.00285106 0.00439595 -0.000712434 0.000172534 -0.000210636 0.00205181 0.00126165 -0.000638574 0.00352249 0.0020611 -0.00087965 0.00225874 0.00179994 0.000905341 0.00332358 0.00473098 -0.00165854 0.00223233 0.00100465 0.00170718 0.000560063 0.000994147 0.000610622 0.00100225 0.000181069 0.000172042 0.00165909 0.00071949 0.00119976 0.000976799 -0.000187916 -0.00128266 -0.000429231 0.00257551 0 0 0.00159564 0.00135555 -0.00186761 -0.000989121 -0.00814066 -0.00563447 -0.116731 
144.263 0 -0.00195584 -0.00379737 0.0941629 -0.00842623 -0.00994551 -0.00933235 -0.00540852 -0.00133301 0.00345644 0.00358561 0.00190474 -0.00127374 0.00131225 0.00283836 0.00107411 0.000239673 0.00506389 0.00268328 -0.00122107 0.00361088 0.00202591 0.00049663 0.00581959 0.00362021 -0.000352289 0.00264673 0.00231842 0.00178439 0.00116068 0.00136011 0.00120963 0.00155946 0.000272911 0.000404002 0.00233207 0.00150008 0.0019061 0.00102058 -0.000460805 -0.000951983 0.000663927 0.00381082 0 0 -0.00147257 -0.00278037 -0.00185383 -0.000938922 -0.00443151 -0.00222056 -0.101982 
113.125 0 0.000963614 -0.00349638 -0.00842623 0.102854 -0.0164808 -0.0151656 -0.00688368 0.000518072 0.00527947 0.00360256 0.00398709 -0.00128115 0.00229711 0.00397917 0.00132804 0.000893953 0.00662821 0.0039566 -0.00131611 0.00550706 0.00210903 0.000498577 0.00781174 0.00222647 0.00100066 0.00349598 0.00326553 0.00209167 0.00182043 0.00163919 0.00187092 0.00217349 0.000969675 0.00128771 0.00257879 0.00189121 0.00245335 0.00125594 0.000146733 -0.00036875 0.000897809 0.00421086 0 0 -0.00373643 -0.00468463 -0.00170292 0.00113066 -0.000253539 0.00146102 -0.0784985 
49.7197 0 0.00180199 -0.00382542 -0.00994551 -0.0164808 0.100489 -0.0212016 -0.0103564 -0.00038542 0.00626874 0.00444528 0.00533964 -0.000610168 0.00285944 0.00468608 0.00167647 0.00139599 0.00737098 0.00480633 -0.000961927 0.00706977 0.00135731 0.000724661 0.00851712 0.00059724 0.00228635 0.00431037 0.00348225 0.00221347 0.0021188 0.00159333 0.00221953 0.00245553 0.0019613 0.00227274 0.00212649 0.00176736 0.00258982 0.00127663 0.00135639 0.00057906 0.000901077 0.00390799 0 0 -0.00557365 -0.00580931 -0.00143273 0.00296489 0.00143341 0.00332211 -0.0405017 
-38.7427 0 -0.00126564 -0.00494772 -0.00933235 -0.0151656 -0.0212016 0.0982555 -0.014975 -0.00668819 0.0041494 0.00707725 0.00614944 0.000701935 0.00349388 0.00471872 0.00245705 0.00271445 0.0075998 0.00496154 0.00162601 0.00706221 0.00097066 0.00217252 0.00747788 0.00128224 0.00275318 0.00533297 0.00305652 0.00231896 0.00199749 0.00144978 0.00215045 0.00237953 0.00311539 0.00325735 0.0014221 0.00135494 0.00229303 0.00134036 0.0026756 0.00155313 0.000856016 0.00371461 0 0 -0.00554825 -0.00427719 6.31824e-005 0.00411621 0.007449 0.00534857 0.00223926 
-86.0649 0 -0.00730383 -0.00574679 -0.00540852 -0.00688368 -0.0103564 -0.014975 0.0836819 -0.0190788 -0.00642434 0.00750661 0.005308 0.00128523 0.00326222 0.00257724 0.00242446 0.0039603 0.00514789 0.00243994 0.00550608 0.00285986 0.000958414 0.00391678 0.0026958 0.00407656 0.0016211 0.0042431 0.00149144 0.00149646 0.00101426 0.00095421 0.00116804 0.00133346 0.00291119 0.00270879 0.000518907 0.000493818 0.00126794 0.00100864 0.00274622 0.00160629 0.000801681 0.00310104 0 0 -0.00388256 -0.00123283 0.00182935 0.00223386 0.00902021 0.00290487 0.0143297 
-77.679 0 -0.00829725 -0.00417114 -0.00133301 0.000518072 -0.00038542 -0.00668819 -0.0190788 0.0966452 -0.0343578 -0.00246342 0.00921177 0.00269252 0.00320141 0.000218648 0.00291083 0.00800053 0.00282876 0.000254491 0.0111235 -0.00280544 0.00288994 0.00734633 -0.000602851 0.00734352 0.00314336 0.000907249 0.00261335 0.00107167 0.000661045 0.000988657 0.00106138 0.00120835 0.00237977 0.00170727 0.000836488 0.000460788 0.00163309 0.000986436 0.00199398 0.00073908 -0.000107775 0.00300856 0 0 -0.00554296 -0.00431217 0.00281169 0.00100387 0.0110653 0.00197145 -0.0220599 
6.71854 0 0.00402354 0.00285106 0.00345644 0.00527947 0.00626874 0.0041494 -0.00642434 -0.0343578 0.0972629 -0.0354747 0.00597202 0.00791313 0.00224221 -0.00189871 0.00430063 0.00956009 0.00225584 0.00269703 0.0104775 -0.00367435 0.00542487 0.0054266 0.00313849 0.00642746 0.00447779 -0.00108323 0.00525237 0.000695489 0.00167075 0.00158215 0.00252388 0.00202188 0.0012066 0.00133974 0.00209337 0.00191587 0.00253475 0.00196392 0.000488177 -0.000337306 0.000492944 0.00381312 0 0 -0.00570895 -0.00458164 0.000354884 0.000765459 0.009262 0.00513026 -0.0570837 
68.4389 0 0.00773086 0.00439595 0.00358561 0.00360256 0.00444528 0.00707725 0.00750661 -0.00246342 -0.0354747 0.0721654 -0.0252635 0.00550371 0.00337143 0.00101907 0.00348794 0.00224433 0.00587874 0.00714432 -0.00115616 0.00623959 0.00198824 -0.00054967 0.00958929 0.00178781 0.00109557 0.00340185 0.00330843 0.00126888 0.00216082 0.0020924 0.00313336 0.00184952 0.00134067 0.00183451 0.00247572 0.00276069 0.00225057 0.00274261 0.00141452 0.000329087 0.00332236 0.00429635 0 0 -0.000510615 0.00419192 -0.000831237 0.00250931 0.00235517 0.00438635 -0.0379477 
-35.1865 0 -0.00509443 -0.000712434 0.00190474 0.00398709 0.00533964 0.00614944 0.005308 0.00921177 0.00597202 -0.0252635 0.0543679 -0.0212985 0.00631215 0.00841256 0.0010726 0.000273423 0.0106937 0.00493096 -0.0013942 0.0105861 -0.00152037 0.00420331 0.00795254 0.0046975 0.000448051 0.00682401 0.00159963 0.00259386 0.00138804 0.00165802 0.00177301 0.00199454 0.00355316 0.00315062 0.00178009 0.00106709 0.00234102 0.00174947 0.00321016 0.0013992 0.00158 0.00643994 0 0 0.00355289 0.00542017 0.00241357 0.00353861 0.00608135 0.00142129 -0.00962631 
-54.817 0 0.00102217 0.000172534 -0.00127374 -0.00128115 -0.000610168 0.000701935 0.00128523 0.00269252 0.00791313 0.00550371 -0.0212985 0.0337821 -0.0129979 0.00131552 0.00173698 0.00474376 0.00117068 -0.00198122 0.00834077 -0.00433068 0.00230187 0.00417273 -0.002136 0.00216423 0.0029342 -0.00249156 0.00276346 0.000493167 0.000274334 0.000205727 0.000588716 0.000585221 0.00102176 0.000651436 -0.000399218 0.000125541 0.000116703 -0.000430726 0.000592681 -0.00104863 -0.00331604 0.000207714 0 0 -0.00321325 -0.00536094 -0.00260536 -0.00283058 0.00178838 0.00148048 -0.0557731 
-1.87325 0 -0.00042683 -0.000210636 0.00131225 0.00229711 0.00285944 0.00349388 0.00326222 0.00320141 0.00224221 0.00337143 0.00631215 -0.0129979 0.0347766 -0.0214144 0.0110655 0.00564525 -0.00285438 0.007862 0.00223646 0.000409227 0.00362323 0.00276851 0.00254475 0.00459481 0.00128692 0.00240033 0.003403 0.000923267 0.00267744 0.00140811 0.00187317 0.00166792 0.00120441 0.00140161 0.00211718 0.00169776 0.00241461 0.0031296 0.000775195 0.00148686 0.00410515 0.00222129 0 0 -0.00147725 -0.000869491 5.43323e-005 0.00409008 0.0070262 0.00253564 0.00195596 
7.79322 0 0.00144728 0.00205181 0.00283836 0.00397917 0.00468608 0.00471872 0.00257724 0.000218648 -0.00189871 0.00101907 0.00841256 0.00131552 -0.0214144 0.0531701 -0.0290082 0.00433317 0.0134868 -0.00313021 0.00135558 0.00720686 -0.000342943 -8.47665e-005 0.00843927 0.000446203 -0.000758914 0.00573688 0.000291047 0.00234272 0.000467255 0.00094174 0.001653 0.00178408 0.00207543 0.00232597 0.00142993 0.00101467 0.0013844 0.000607288 0.00202996 0.00143844 0.00157982 0.00342451 0 0 -0.000776398 -0.0010065 0.00179128 -0.00015909 0.00492824 0.00408403 0.0102946 
-68.2332 0 0.0014052 0.00126165 0.00107411 0.00132804 0.00167647 0.00245705 0.00242446 0.00291083 0.00430063 0.00348794 0.0010726 0.00173698 0.0110655 -0.0290082 0.0554434 -0.0277994 0.0125292 0.00431012 0.00101131 0.00365718 0.00184402 0.0025355 0.00511237 0.00301859 0.000821771 0.00242308 0.00105206 0.00182844 0.000234137 0.000611103 0.00153947 0.0017588 0.00176252 0.00200267 0.000814795 0.000467073 0.000808634 0.000572124 0.00109307 -0.000918658 -0.00348802 0.00223959 0 0 -0.00274099 -0.00303592 0.0001017 3.94481e-005 0.00281899 0.00222347 -0.0237683 
-32.9337 0 -0.00117423 -0.000638574 0.000239673 0.000893953 0.00139599 0.00271445 0.0039603 0.00800053 0.00956009 0.00224433 0.000273423 0.00474376 0.00564525 0.00433317 -0.0277994 0.0639918 -0.0363008 0.0177247 0.0060786 -0.00363651 0.00633184 0.00478986 0.000790423 0.00800277 0.00328692 0.000259439 0.00529506 -0.000187962 0.00258064 0.0016364 0.0022903 0.00120779 0.00141186 0.00125865 0.0015721 0.001932 0.00250215 0.00323893 0.00148819 0.000990323 0.00366331 0.00365798 0 0 -0.00312413 -0.00171706 0.000470996 0.00327259 0.00749474 0.00127628 -0.0339236 
12.9049 0 0.00291579 0.00352249 0.00506389 0.00662821 0.00737098 0.0075998 0.00514789 0.00282876 0.00225584 0.00587874 0.0106937 0.00117068 -0.00285438 0.0134868 0.0125292 -0.0363008 0.0729023 -0.0325384 0.0167076 0.00609517 -0.000116408 0.00699787 0.00850565 0.00272804 0.00412814 0.00377809 0.00480295 0.00229696 0.0023185 0.00233285 0.00286161 0.00308485 0.00340744 0.0035376 0.00273403 0.00224656 0.00322308 0.0023135 0.00318177 0.00155514 0.00265847 0.00769202 0 0 -0.00174798 -0.00101033 0.000968253 0.00253649 0.00588378 0.00406109 -0.0206801 
-40.7603 0 0.00156293 0.0020611 0.00268328 0.0039566 0.00480633 0.00496154 0.00243994 0.000254491 0.00269703 0.00714432 0.00493096 -0.00198122 0.007862 -0.00313021 0.00431012 0.0177247 -0.0325384 0.0562826 -0.0263382 0.0155085 0.000110211 0.000560032 0.00982094 0.00204095 -0.0009487 0.00525635 0.000550688 0.00242925 0.000511803 0.000923405 0.00202145 0.0024538 0.00266684 0.00239073 0.00148015 0.000748464 0.00175633 0.00124581 0.00148531 -0.000331622 -0.0025977 0.00311846 0 0 0.0002268 0.000515081 -0.00135119 -0.00120926 0.00509766 0.00488706 -0.0276507 
-36.7822 0 -0.000562116 -0.00087965 -0.00122107 -0.00131611 -0.000961927 0.00162601 0.00550608 0.0111235 0.0104775 -0.00115616 -0.0013942 0.00834077 0.00223646 0.00135558 0.00101131 0.0060786 0.0167076 -0.0263382 0.0481038 -0.0217017 0.0112148 0.003984 -0.00186155 0.0083693 0.00372792 -0.000883337 0.00441194 0.00031352 0.00253192 0.00151613 0.00239919 0.00125781 0.00197261 0.00157855 0.00118992 0.00211824 0.00205266 0.0033201 0.00206447 0.00198261 0.00449828 0.00158666 0 0 -0.000634833 0.00206245 0.000853486 0.00328483 0.0123898 0.00438293 0.0162583 
-4.11551 0 0.0017935 0.00225874 0.00361088 0.00550706 0.00706977 0.00706221 0.00285986 -0.00280544 -0.00367435 0.00623959 0.0105861 -0.00433068 0.000409227 0.00720686 0.00365718 -0.00363651 0.00609517 0.0155085 -0.0217017 0.0377857 -0.0186252 0.010674 0.0045343 -0.000981687 0.00387019 0.00183231 0.00268036 0.00155271 0.000753063 0.00141899 0.00163669 0.00224437 0.00202494 0.00274405 0.00178396 0.000826814 0.00171484 0.000347464 0.00181428 4.16982e-005 -0.000890076 0.00524446 0 0 0.00266895 0.0019388 -0.000582616 -0.000453648 -0.000181655 0.00207135 -0.0402048 
-20.1346 0 0.000682937 0.00179994 0.00202591 0.00210903 0.00135731 0.00097066 0.000958414 0.00288994 0.00542487 0.00198824 -0.00152037 0.00230187 0.00362323 -0.000342943 0.00184402 0.00633184 -0.000116408 0.000110211 0.0112148 -0.0186252 0.0333938 -0.0212901 0.0167707 0.00187559 -0.00425101 0.00652938 -0.00174837 0.00141879 0.000858152 0.000482776 0.001222 0.00170083 0.00165009 0.000924819 0.00100171 0.000865154 0.00178922 0.00227545 0.000947389 0.00119749 0.000874711 -1.72209e-006 0 0 -0.0023598 -0.00292733 0.000626955 0.00184943 0.0085046 0.00360546 0.0174053 
-29.4356 0 0.00218305 0.000905341 0.00049663 0.000498577 0.000724661 0.00217252 0.00391678 0.00734633 0.0054266 -0.00054967 0.00420331 0.00417273 0.00276851 -8.47665e-005 0.0025355 0.00478986 0.00699787 0.000560032 0.003984 0.010674 -0.0212901 0.0495209 -0.0316719 0.0163204 0.00439928 -0.0047812 0.00823108 -3.29548e-005 0.00178615 0.00132323 0.00245841 0.00106693 0.00109081 0.00175359 0.00102315 0.00179173 0.00100282 0.0017143 0.00187844 7.5847e-005 0.00207901 0.00550834 0 0 0.00183927 0.000570671 -0.00109881 2.40405e-005 0.000888157 0.000875304 -0.0453278 
-44.4888 0 0.00144832 0.00332358 0.00581959 0.00781174 0.00851712 0.00747788 0.0026958 -0.000602851 0.00313849 0.00958929 0.00795254 -0.002136 0.00254475 0.00843927 0.00511237 0.000790423 0.00850565 0.00982094 -0.00186155 0.0045343 0.0167707 -0.0316719 0.0727774 -0.0311484 0.0102495 0.00512611 0.00221111 0.00203512 0.00200149 0.00126006 0.00253257 0.00341518 0.00341947 0.00312114 0.00229346 0.00149506 0.00349482 0.00296149 0.00194457 0.000553871 -0.00151071 0.00721205 0 0 0.00384779 0.0013753 0.00104273 0.00199097 0.00085151 -0.000336566 -0.0310636 
-9.08163 0 0.00664771 0.00473098 0.00362021 0.00222647 0.00059724 0.00128224 0.00407656 0.00734352 0.00642746 0.00178781 0.0046975 0.00216423 0.00459481 0.000446203 0.00301859 0.00800277 0.00272804 0.00204095 0.0083693 -0.000981687 0.00187559 0.0163204 -0.0311484 0.0539591 -0.0215335 0.0114584 -0.000832436 0.00250477 0.00125015 0.00129622 0.00219536 0.00201723 0.00242611 0.00243836 0.00166812 0.00146529 0.00241835 0.00180679 0.00222408 0.00133303 0.00237746 0.00265328 0 0 3.00812e-005 0.000931526 0.000568758 0.00240077 0.005008 0.00334801 -0.00302467 
-27.4084 0 -0.00252513 -0.00165854 -0.000352289 0.00100066 0.00228635 0.00275318 0.0016211 0.00314336 0.00447779 0.00109557 0.000448051 0.0029342 0.00128692 -0.000758914 0.000821771 0.00328692 0.00412814 -0.0009487 0.00372792 0.00387019 -0.00425101 0.00439928 0.0102495 -0.0215335 0.0327388 -0.0176214 0.00961466 -0.00210471 0.00193472 0.00124767 0.000654194 0.000164706 0.000133029 0.000501897 0.000729586 0.000835524 0.00107311 0.00127853 0.000170066 -0.000291186 0.00096268 0.00487855 0 0 0.00236685 0.00164681 -0.00141455 0.00029334 -0.000375526 -0.00294418 -0.0557908 
-29.8007 0 0.00263873 0.00223233 0.00264673 0.00349598 0.00431037 0.00533297 0.0042431 0.000907249 -0.00108323 0.00340185 0.00682401 -0.00249156 0.00240033 0.00573688 0.00242308 0.000259439 0.00377809 0.00525635 -0.000883337 0.00183231 0.00652938 -0.0047812 0.00512611 0.0114584 -0.0176214 0.0284447 -0.0103417 0.00498171 0.000139777 0.000518837 0.00106848 0.00214253 0.00324186 0.00250772 0.00123149 0.000399987 0.00162147 0.000624658 0.00200169 0.00134811 -0.000726088 0.000708728 0 0 -0.00400279 -0.0058131 0.000631483 0.00166753 0.00623728 0.00379319 0.0228522 
-10.847 0 0.00060682 0.00100465 0.00231842 0.00326553 0.00348225 0.00305652 0.00149144 0.00261335 0.00525237 0.00330843 0.00159963 0.00276346 0.003403 0.000291047 0.00105206 0.00529506 0.00480295 0.000550688 0.00441194 0.00268036 -0.00174837 0.00823108 0.00221111 -0.000832436 0.00961466 -0.0103417 0.0180281 -0.00368059 0.00269732 0.00124391 0.00168323 0.00114523 0.00072768 0.00112831 0.00137419 0.00149474 0.00154663 0.00206385 0.00123229 -6.30947e-005 0.00172703 0.00560018 0 0 0.000472586 0.000105924 -0.00149763 0.00124937 -0.00491603 -0.00462776 -0.0712502 
-6.26904 0 0.00133948 0.00170718 0.00178439 0.00209167 0.00221347 0.00231896 0.00149646 0.00107167 0.000695489 0.00126888 0.00259386 0.000493167 0.000923267 0.00234272 0.00182844 -0.000187962 0.00229696 0.00242925 0.00031352 0.00155271 0.00141879 -3.29548e-005 0.00203512 0.00250477 -0.00210471 0.00498171 -0.00368059 0.00766572 -0.00118587 0.000393267 0.000772755 0.000951676 0.00136438 0.00120816 0.000678875 0.000377486 0.000723276 0.000527727 0.000876589 0.00054636 -0.000271871 0.000597997 0 0 -0.00120158 -0.00102604 -0.000317635 0.000832009 0.00322692 0.00205525 -0.0168159 
-11.4991 0 -0.000119727 0.000560063 0.00116068 0.00182043 0.0021188 0.00199749 0.00101426 0.000661045 0.00167075 0.00216082 0.00138804 0.000274334 0.00267744 0.000467255 0.000234137 0.00258064 0.0023185 0.000511803 0.00253192 0.000753063 0.000858152 0.00178615 0.00200149 0.00125015 0.00193472 0.000139777 0.00269732 -0.00118587 0.00520084 -0.000590584 0.00107735 0.000855446 0.000805602 0.00102982 0.00073485 0.000688592 0.000931249 0.00106732 0.000761468 0.000583595 0.00118438 0.00129374 0 0 -0.000678403 -0.00118654 -0.00103997 0.00101283 -0.00139617 -0.000985115 -0.00665681 
10.5068 0 0.000870994 0.000994147 0.00136011 0.00163919 0.00159333 0.00144978 0.00095421 0.000988657 0.00158215 0.0020924 0.00165802 0.000205727 0.00140811 0.00094174 0.000611103 0.0016364 0.00233285 0.000923405 0.00151613 0.00141899 0.000482776 0.00132323 0.00126006 0.00129622 0.00124767 0.000518837 0.00124391 0.000393267 -0.000590584 0.00412006 -0.000662969 0.000807226 0.000698968 0.000554129 0.000822853 0.000696557 0.000913507 0.00083698 0.00053009 0.00028054 0.00127936 0.00148741 0 0 -0.000157009 0.000276857 0.000211176 0.00114375 -0.000167122 0.000673825 -0.0139161 
-3.56778 0 0.000305881 0.000610622 0.00120963 0.00187092 0.00221953 0.00215045 0.00116804 0.00106138 0.00252388 0.00313336 0.00177301 0.000588716 0.00187317 0.001653 0.00153947 0.0022903 0.00286161 0.00202145 0.00239919 0.00163669 0.001222 0.00245841 0.00253257 0.00219536 0.000654194 0.00106848 0.00168323 0.000772755 0.00107735 -0.000662969 0.00554466 -0.000456033 0.00131113 0.00126318 0.000974772 0.000970067 0.00110351 0.00132508 0.00104631 0.000721079 0.00120319 0.00186579 0 0 -1.96992e-005 0.000153702 -0.000267137 0.000211969 -0.000947426 0.00159406 0.00203933 
-7.40471 0 0.000622161 0.00100225 0.00155946 0.00217349 0.00245553 0.00237953 0.00133346 0.00120835 0.00202188 0.00184952 0.00199454 0.000585221 0.00166792 0.00178408 0.0017588 0.00120779 0.00308485 0.0024538 0.00125781 0.00224437 0.00170083 0.00106693 0.00341518 0.00201723 0.000164706 0.00214253 0.00114523 0.000951676 0.000855446 0.000807226 -0.000456033 0.00506048 -0.000248352 0.00156811 0.000866789 0.000655691 0.00115646 0.000853639 0.0010196 0.000342644 0.000157428 0.00141798 0 0 0.000194571 -0.000127256 -0.00102069 0.00015459 0.00063045 0.00237685 0.00129617 
-24.3581 0 0.000722436 0.000181069 0.000272911 0.000969675 0.0019613 0.00311539 0.00291119 0.00237977 0.0012066 0.00134067 0.00355316 0.00102176 0.00120441 0.00207543 0.00176252 0.00141186 0.00340744 0.00266684 0.00197261 0.00202494 0.00165009 0.00109081 0.00341947 0.00242611 0.000133029 0.00324186 0.00072768 0.00136438 0.000805602 0.000698968 0.00131113 -0.000248352 0.00511154 0.000200907 0.000862871 0.000474028 0.00121748 0.000895786 0.00113122 0.000901079 -0.000223402 0.000997366 0 0 0.000383725 0.000361765 -0.000636922 0.000377274 0.0054313 0.00355302 0.00722523 
-23.6873 0 -0.00014916 0.000172042 0.000404002 0.00128771 0.00227274 0.00325735 0.00270879 0.00170727 0.00133974 0.00183451 0.00315062 0.000651436 0.00140161 0.00232597 0.00200267 0.00125865 0.0035376 0.00239073 0.00157855 0.00274405 0.000924819 0.00175359 0.00312114 0.00243836 0.000501897 0.00250772 0.00112831 0.00120816 0.00102982 0.000554129 0.00126318 0.00156811 0.000200907 0.00477298 -0.000437082 0.000592766 0.000977422 0.000969386 0.00158105 0.000620921 -0.000120425 0.0016142 0 0 -0.0006945 -0.000870435 -0.000282771 0.00114483 0.00451387 0.00219961 -0.00101733 
19.0447 0 0.00126249 0.00165909 0.00233207 0.00257879 0.00212649 0.0014221 0.000518907 0.000836488 0.00209337 0.00247572 0.00178009 -0.000399218 0.00211718 0.00142993 0.000814795 0.0015721 0.00273403 0.00148015 0.00118992 0.00178396 0.00100171 0.00102315 0.00229346 0.00166812 0.000729586 0.00123149 0.00137419 0.000678875 0.00073485 0.000822853 0.000974772 0.000866789 0.000862871 -0.000437082 0.00347979 0.000105405 0.00120544 0.000938579 0.00048959 0.000458614 0.0015144 0.00170691 0 0 -0.000469067 -0.000122147 -6.79385e-005 0.000828637 -1.68729e-005 -0.000118195 -0.00721648 
23.3221 0 0.000410503 0.00071949 0.00150008 0.00189121 0.00176736 0.00135494 0.000493818 0.000460788 0.00191587 0.00276069 0.00106709 0.000125541 0.00169776 0.00101467 0.000467073 0.001932 0.00224656 0.000748464 0.00211824 0.000826814 0.000865154 0.00179173 0.00149506 0.00146529 0.000835524 0.000399987 0.00149474 0.000377486 0.000688592 0.000696557 0.000970067 0.000655691 0.000474028 0.000592766 0.000105405 0.00322686 -6.50062e-005 0.00139465 0.000583567 0.000554429 0.00198205 0.00199729 0 0 6.24625e-005 0.000715771 0.00042638 0.000956111 0.00215812 0.00170398 -0.00480218 
19.3373 0 0.0012783 0.00119976 0.0019061 0.00245335 0.00258982 0.00229303 0.00126794 0.00163309 0.00253475 0.00225057 0.00234102 0.000116703 0.00241461 0.0013844 0.000808634 0.00250215 0.00322308 0.00175633 0.00205266 0.00171484 0.00178922 0.00100282 0.00349482 0.00241835 0.00107311 0.00162147 0.00154663 0.000723276 0.000931249 0.000913507 0.00110351 0.00115646 0.00121748 0.000977422 0.00120544 -6.50062e-005 0.00481664 0.000305275 0.0011391 0.000770849 0.00141271 0.00250743 0 0 -0.000543721 -0.000615083 0.000228881 0.00141784 0.00419419 0.00243936 -0.0102063 
32.7342 0 0.00147183 0.000976799 0.00102058 0.00125594 0.00127663 0.00134036 0.00100864 0.000986436 0.00196392 0.00274261 0.00174947 -0.000430726 0.0031296 0.000607288 0.000572124 0.00323893 0.0023135 0.00124581 0.0033201 0.000347464 0.00227545 0.0017143 0.00296149 0.00180679 0.00127853 0.000624658 0.00206385 0.000527727 0.00106732 0.00083698 0.00132508 0.000853639 0.000895786 0.000969386 0.000938579 0.00139465 0.000305275 0.00519511 0.000907191 0.00115536 0.00257434 0.00318261 0 0 0.00131996 0.00240726 0.000972402 0.00162795 0.00459083 0.00173424 -0.00040798 
17.5837 0 0.000130086 -0.000187916 -0.000460805 0.000146733 0.00135639 0.0026756 0.00274622 0.00199398 0.000488177 0.00141452 0.00321016 0.000592681 0.000775195 0.00202996 0.00109307 0.00148819 0.00318177 0.00148531 0.00206447 0.00181428 0.000947389 0.00187844 0.00194457 0.00222408 0.000170066 0.00200169 0.00123229 0.000876589 0.000761468 0.00053009 0.00104631 0.0010196 0.00113122 0.00158105 0.00048959 0.000583567 0.0011391 0.000907191 0.0049748 0.000556164 0.00100012 0.00307806 0 0 0.000649364 0.00169501 0.00130486 0.00176641 0.00281856 0.000721668 -0.0165393 
19.7477 0 -0.000534177 -0.00128266 -0.000951983 -0.00036875 0.00057906 0.00155313 0.00160629 0.00073908 -0.000337306 0.000329087 0.0013992 -0.00104863 0.00148686 0.00143844 -0.000918658 0.000990323 0.00155514 -0.000331622 0.00198261 4.16982e-005 0.00119749 7.5847e-005 0.000553871 0.00133303 -0.000291186 0.00134811 -6.30947e-005 0.00054636 0.000583595 0.00028054 0.000721079 0.000342644 0.000901079 0.000620921 0.000458614 0.000554429 0.000770849 0.00115536 0.000556164 0.00430999 0.00167619 -0.000119822 0 0 0.000877867 0.00157956 0.00179119 0.000803192 0.00389448 0.00186492 0.0169676 
